4
128 128 128 128 
.01 .5 10
0 0 0 .64
1. 1. 0. -1.5  1.5  0
1. 1. 0. -1.5 -1.5  0
1. 1. 0. 1.5  1.5  0
1. 1. 0. 1.5 -1.5  0

1. 1. 0. 0. -2.5  0
1. 1. 0. 0.  0.   0
1. 1. 0. 0.  2.5  0

1. 1. 0. -2.5    0.  0
1. 1. 0. 2.5    0.  0


9
128 128 128 128 128 128 128 128 128
.001 .5 10
0 0 0 .55
1. 1. 0. 0. -2.5  0
1. 1. 0. 0.  0.   0
1. 1. 0. 0.  2.5  0
1. 1. 0. -2.5  2.5  0
1. 1. 0. -2.5    0.  0
1. 1. 0. -2.5 -2.5  0
1. 1. 0. 2.5  2.5  0
1. 1. 0. 2.5    0.  0
1. 1. 0. 2.5 -2.5  0



25
64 64 64 64 64 64 64 64 64 64  64 64 64 64 64 64 64 64 64 64 64 64 64 64 64
.01  1 10
0 0. 0. .55
1. 1. 0. -6. -6.  0
1. 1. 0. -3. -6.  0
1. 1  0.  0. -6.  0
1. 1. 0.  3. -6.  0
1. 1. 0.  6. -6.  0
1. 1. 0. -6. -3.  0
1. 1. 0. -3. -3.  0
1. 1  0.  0. -3.  0
1. 1. 0.  3. -3.  0
1. 1. 0.  6. -3.  0
1. 1. 0. -6.  0.  0
1. 1. 0. -3.  0.  0
1. 1  0.  0.  0.  0
1. 1. 0.  3.  0.  0
1. 1. 0.  6.  0.  0
1. 1. 0. -6.  3.  0
1. 1. 0. -3.  3.  0
1. 1  0.  0.  3.  0
1. 1. 0.  3.  3.  0
1. 1. 0.  6.  3.  0
1. 1. 0. -6.  6.  0
1. 1. 0. -3.  6.  0
1. 1  0.  0.  6.  0
1. 1. 0.  3.  6.  0
1. 1. 0.  6.  6.  0
